Algorithm: Random Initialization with Lloyd's Assignment with K means
Metric: Manhattan
clustering time: 1
CLUSTER-1 {size: 3953, centroid: 0.0161757, -0.0111139, -0.00248473, -0.00697919, -0.00146439, -0.00118036, 0.00154381, -0.00458181, -0.00208317, 0.000570582, -0.000331521, -0.00278456, -0.00252934, -0.00184701, -0.000705726, 0.00214319, -0.00319878, 0.00228368, 2.85996e-05, -0.000740838, 0.00163735, -0.00191407, -0.000169399, -0.00370819, 0.0032988, 0.00248573, -0.00255492, -0.00153795, -0.00219778, -0.000679051, -0.00162301, -0.00159912, -0.00141765, -0.000949885, 0.00313358, 0.000331502, -0.00156674, -0.00219898, -0.00295658, 0.00211778, -0.00246974, -0.00196181, 0.00108231, 0.00204636, 0.00141533, -0.00157626, -0.000488292, 3.14486e-07, -0.00121772, 0.00108833, -0.000316036, 0.000665315, -0.00264896, -0.000334131, 0.00302555, -0.00164163, -0.000960035, 0.000573618, -0.00116367, 9.73731e-05, 0.0012792, 0.00221874, -0.000305972, 0.000188621, -2.38602e-05, 0.00139115, -0.000290394, 0.000240134, -0.00314746, -0.0012637, 0.00143683, -0.00158764, 0.000794397, -0.000196728, 0.00150521, -0.000185997, -0.00233655, -0.00086774, 0.000412335, -0.0012041, 0.00375671, -0.00127889, -0.000304926, 0.000180855, -0.000746946, 0.000244935, 0.00131428, -0.00110262, 0.00146147, -0.00203345, 4.2865e-06, 0.000578768, -0.000168903, 0.00142235, -0.00112812, 0.000171741, 0.00093334, 0.00110822, -0.000163155, -0.00162763, 0.00135721, -0.000866281, 0.000933564, 0.000636628, -0.000140528, 0.00249099, -0.00067459, -0.000452631, 0.000540491, -0.00093434, 0.00298502, -0.000585589, -0.000748537, -0.000366161, -0.00126632, -0.000141691, -0.000452161, 4.16671e-05, 0.000850381, 0.000336986, -0.00099651, -0.00124284, 0.00122078, 0.00116934, 0.000272499, 0.000617412, 0.000289613, -0.00138134, -0.00103757, -6.26373e-05, 0.00134787, -0.00041665, -8.28274e-06, -0.00038876, -0.000664005, 0.000925945, 0.000956248, -0.000574004, -0.00143731, -0.000827783, 0.0010524, 0.0005351, -0.00120072, -0.000153806, -0.000645376, -0.000220238, -5.72796e-06, -0.000929534, 0.000419008, 0.000895521, -0.00129613, 0.000603298, -0.00167692, -5.10726e-05, 0.000666021, -0.00101314, 0.00133744, 0.00134626, -0.000195189, -0.000990952, 0.00180717, -0.000678887, 0.000140246, 0.000352429, -0.000231568, -0.000606671, -3.43754e-05, -0.00138625, 5.46559e-05, 0.00144931, 0.00151899, -8.92841e-05, -0.00166543, -0.000627286, -0.000814944, -0.000195952, 0.000194035, 0.000693596, 0.000197466, 0.000457457, -0.000811973, 9.99824e-05, 0.000809549, 0.00134951, -0.000752752, 0.000814765, 0.000366916, -0.000226509, 0.000285358, -0.00113613, -0.000226331, 0.000139502, -0.00177538, 0.000816715, -0.00106857, 0.000430952, -0.00071413, -0.000754107, -0.0001016, 0.000727801, 0.00129597, -0.000201588, -6.61462e-05}
CLUSTER-2 {size: 199, centroid: -0.0117997, -0.053948, 0.0108186, -0.0225038, 0.0157719, 0.0167399, 0.000462161, 0.00744761, -0.0326937, -0.00997325, -0.0414767, 0.06983, 0.00288574, 0.0209117, 0.00528335, 0.0165319, 0.0381203, -0.003957, -0.00541188, -0.0152139, 0.0173394, 0.0293311, 0.0466253, 0.0378232, -0.0236012, -0.0183016, 0.0324019, 0.0419738, -0.0141143, 0.0313907, 0.00935141, 0.0279848, -0.00380073, 0.0267185, -0.0275652, -0.00616109, 0.0143277, 0.0349132, 0.0173368, -0.0360493, 0.0546933, 0.00452913, -0.0310494, -0.0544871, -0.0401258, 0.017725, 0.0106656, 0.0148375, -0.0128, 0.0199402, 0.0187102, -0.000972885, 0.054345, 0.00373435, 0.00634758, -0.0138351, -0.0049532, 0.0190714, 0.0239645, -0.00557049, -0.00199331, -0.0561907, 0.00470393, 0.00253194, 0.030076, -0.0197349, 0.0386094, -0.00887767, 0.0199566, 0.0363181, -0.00834865, -0.00302642, 0.00533321, -0.0156801, -0.0100523, -0.00334608, 0.042694, 0.0409305, -0.0171653, 0.00330237, -0.0397995, 0.00838231, 0.0120249, -0.00209243, 0.0243245, 0.00186277, -0.00509461, -0.00537462, -0.0108836, 0.0484814, 0.000284771, 0.00298885, -0.0140842, -0.0142662, 0.038112, -0.0246499, -0.0186145, -0.018147, 0.0114461, 0.0269765, -0.0293389, 0.013562, 0.00327412, -0.00825175, -0.00232404, -0.0178574, -0.0171839, 0.0333915, 0.0114575, 0.00814657, -0.0229257, 0.0157533, 0.0156743, 0.0151966, 0.00376078, -0.00377903, 0.0113904, 0.000775188, -0.016935, -0.0034525, 0.00696382, 0.0102046, 0.00114634, -0.0147554, -0.00614544, -0.00755713, 0.0287347, 0.0174888, -0.0111716, 0.00397797, -0.00772065, 0.0195705, 0.0164539, -0.00865478, 0.00515891, -0.0198114, -0.0118494, 0.008532, 0.010841, -0.00568417, -0.00796585, 0.0113027, 0.000969606, -0.0099703, 0.0150245, -0.01511, -0.0100223, 0.00774217, -0.0236537, 0.00546543, 0.0232586, 0.00666703, 0.0111729, 0.0135796, -0.00314733, -0.00268281, 0.0192157, -0.0210244, 0.00631544, 0.00653176, 0.000848179, -0.00300399, 0.00287285, 0.00572274, 0.0147904, -0.00544825, 0.00642008, 0.00621084, -0.0108464, 0.00737623, -0.00177572, 0.00929287, 0.0086301, 0.0149177, -0.00920703, -0.00780345, -0.00198023, -0.0014978, 0.00822644, -0.000136359, 0.00861218, 0.00259155, 0.0047043, -0.010616, 0.00479096, -0.0039016, -0.00430914, 0.000383317, -0.00271096, -0.00113258, 0.000897097, 0.00644665, 0.00256751, 0.00323597, -0.0019727, -0.010854, -0.00406997, 0.0062241, 0.00100466, -0.00433729, 0.00015775, 0.00149398, -0.00197302}
Silhouette: 0.0246226, 0.0182559, 0.0214393

Algorithm: Random Initialization with Lloyd's Assignment with PAM improved
Metric: Manhattan
clustering time: 47
CLUSTER-1 {size: 4103, centroid: 158}
CLUSTER-2 {size: 49, centroid: 2227}
Silhouette: 0.0107087, 0.0660464, 0.0383776

Algorithm: Random Initialization with LSH Assignment with K means
Metric: Manhattan
clustering time: 9
CLUSTER-1 {size: 2829, centroid: -0.0416615, -0.0628631, 0.00269874, -0.000883408, 0.00783615, -0.00718451, 0.00430202, -0.00428585, -0.0018905, -0.000163557, 0.00201949, -0.00450663, 0.000960855, -0.00364409, 0.00010415, 0.00456153, 0.00249596, -0.00128554, 0.00449765, -0.00326347, 0.0034517, -0.000185136, 0.00283123, -0.00211694, 0.00119311, 0.00170387, -0.000570958, 0.00203145, -0.00334822, 0.00349017, -0.00196463, -0.000280841, -0.00125843, 0.00175644, 0.00287928, 0.000671623, -0.00111196, -0.000436026, -0.00396839, 0.00166922, 0.00147722, -0.00172545, 0.00077235, -0.00294178, -0.00167081, -0.00105992, 0.000505393, 0.000912035, -0.000913811, 0.00408376, -0.000151373, 0.00253364, -0.00120303, -0.000193988, 0.00150509, -0.00399173, -0.000200078, 0.000723095, -0.000365004, 0.000417735, 0.00152241, -0.000226895, 0.000302602, 0.00144583, 0.000580007, 0.000214288, 0.00102386, -0.00116234, -0.00122642, -0.000306852, 0.00234911, -0.000741643, 0.00155296, -0.00115793, 0.000697949, -0.00151062, -0.000938422, 0.00079796, -0.00250052, -0.00143606, 0.00210197, -0.000483823, 0.000344726, -4.33089e-05, 0.000523256, 0.000985394, 0.000625218, -0.00118578, 0.000274717, 2.4644e-05, -0.0018064, 0.00103318, -0.00159275, -0.00129611, 0.000596085, -0.000194386, -6.97008e-05, -0.000102567, 1.5902e-05, -0.000668616, -0.000680475, 0.000786889, 0.000665757, -3.90466e-05, -0.000851338, -0.000457895, -0.00278789, 0.00153149, 0.000379425, -0.00182272, 0.000322749, 0.000675266, -0.000239171, 6.12946e-05, -0.000898541, -0.00138974, -1.04268e-05, 0.000134183, 0.000441539, -0.000241267, -5.40167e-05, -0.00139098, -1.57012e-05, 0.000533994, 0.00195645, 0.000625987, 0.00269753, 0.00111992, -9.15604e-05, 0.000918009, 0.00129791, 0.000920039, 0.000633545, -0.00145188, -0.00113081, -0.000236898, 0.000792578, 0.000786998, -0.000271904, -0.00143355, 0.00122861, 0.000208074, -0.000725928, -0.000380038, 0.000277434, -0.000599419, -0.00138648, -0.00136268, 0.000509952, 0.00165823, -0.00108817, 0.000772126, -0.00030423, 0.00123376, 0.00108381, -0.000154401, 0.00219049, -0.00161999, 0.00101491, -0.000453114, 0.00204328, 3.16214e-05, 0.000423561, 0.000719029, 0.000694824, -0.00108526, 0.000137519, -0.00126859, -0.00120151, 0.00213244, 0.0017239, 0.000899402, -0.00126815, 0.000499575, -0.00187168, -0.000903185, -0.000944165, 0.000284194, 0.000693824, -0.000135797, -0.000645053, 0.00011821, 0.00172989, 0.0013328, -0.000221728, 0.00124605, -0.000301523, -0.000370849, 0.000390879, -0.000941818, -1.0441e-05, 0.000734835, -0.0016349, 0.00126448, -0.00121088, 0.000454149, -0.0017521, -0.000515321, -0.000656257, 0.000172042, 0.000942391, -0.000256284, 0.000189504}
CLUSTER-2 {size: 1323, centroid: 0.130946, 0.088968, -0.0111897, -0.0217805, -0.0180548, 0.0137834, -0.00428323, -0.00342858, -0.00696148, 0.000535428, -0.0111882, 0.0113877, -0.00890942, 0.0051789, -0.00149319, -0.000719983, -0.00885216, 0.00870527, -0.00995279, 0.00232432, 0.000207796, -0.000892082, 0.000515949, -0.000896989, 0.00368741, 0.00104867, -0.00151358, -0.00250227, -0.00157838, -0.00455157, 0.000686088, 2.3582e-05, -0.00209385, -0.00246037, -0.000839042, -0.00131823, -0.000173971, -0.000387805, 0.00209446, -0.00254918, -0.00221104, -0.00149712, -0.00298574, 0.00401965, 0.00167503, 0.000188871, -0.000897224, 0.00029919, -0.00353833, -0.00230734, 0.00213158, -0.00341433, 0.00272508, -2.63989e-05, 0.00663682, 0.00140277, -0.00310661, 0.00297507, 0.000874477, -0.00139098, 0.000300144, -0.00130799, -0.0008231, -0.00205204, 0.00314264, 0.000716313, 0.00270471, 0.00178734, -0.0037124, 0.00227294, -0.00187098, -0.00353699, -9.99636e-05, -0.000488521, 0.0014719, 0.00207362, 0.0013839, 0.00182951, 0.00382488, -6.75012e-05, 0.000779517, -0.00149819, 0.000165393, 0.000308675, 0.000313789, -0.00103995, 0.00179197, -0.00155725, 0.00209278, 0.00113374, 0.00376666, -2.21881e-06, 0.000719736, 0.00471199, 0.00107429, -0.00271046, 0.000132367, 0.000777032, 0.00116881, 0.000589951, 0.00105015, -0.0021511, 0.00182669, 0.000723731, 0.00100058, 0.00557185, 0.00125116, 0.000425462, 0.0024701, 0.00222117, 0.00466236, -0.000784365, 0.000609435, 0.00103421, -0.00128606, 0.00189065, 0.000374117, -4.10596e-05, -0.000913701, 0.000970506, -0.00176787, 0.000737882, 0.00375107, 0.000143203, -0.00412813, -0.000597219, -0.00049385, -0.00375871, -0.00446575, -0.00148638, 0.00012265, -0.00023705, 0.00108322, 0.000585748, 0.00114801, 0.000279207, -0.000582524, -0.00203772, -0.00203452, -0.000293936, -0.000630293, 0.00278391, -0.00185869, -0.0011263, -0.000247361, -0.00162127, 0.00136523, 0.00123048, -0.00329289, -2.81766e-06, 0.00187204, 0.00114425, -0.00261645, -0.000695685, -0.000751006, -0.00302251, 0.00220218, 0.00416669, -0.00172881, -0.00099475, 0.00118148, -0.00247958, -4.18807e-05, 0.000385379, 6.42127e-05, -0.000332038, 0.000557483, -0.000515631, 0.00104006, 0.00091324, 0.000615409, -0.00074738, -0.000974334, -0.000666925, 0.000127981, 0.000143569, 0.00221487, 0.0012141, 0.00035305, 0.00158975, 0.000224966, 0.000427363, -0.000511614, -0.000368258, -0.00103233, -0.000762236, 0.00105596, 0.000159434, -0.000370262, -0.00153495, -0.00050552, -0.000160456, -0.00142817, 0.000250722, -0.000908489, -0.00126919, 0.000927701, -0.000223031, 0.00120032, 0.0011283, 0.00185596, 0.000159106, -0.000870781}
Silhouette: 0.00934281, 0.0135018, 0.0114223

Algorithm: Random Initialization with LSH Assignment with PAM improved
Metric: Manhattan
clustering time: 15
CLUSTER-1 {size: 4103, centroid: 158}
CLUSTER-2 {size: 49, centroid: 2227}
Silhouette: 0.0107087, 0.0660464, 0.0383776

Algorithm: K-Means Initialization with Lloyd's Assignment with K means
Metric: Manhattan
clustering time: 1
CLUSTER-1 {size: 2899, centroid: -0.0395725, -0.0590652, 0.00263583, 7.36771e-05, 0.00905893, -0.00707996, 0.00387924, -0.00475799, -0.000776274, 0.000253382, 0.00152935, -0.0028745, 0.0015502, -0.00426125, 0.000104842, 0.004016, 0.00147603, -0.000973865, 0.0030961, -0.00316096, 0.00296658, -0.000752657, 0.003229, -0.00297213, 0.000822987, 0.00220315, -0.000415609, 0.00187983, -0.00356858, 0.00299689, -0.00195891, -0.000526788, -0.000981175, 0.00215048, 0.00283477, 0.000507422, -0.000634248, -0.000216861, -0.00402466, 0.00143886, 0.00125082, -0.00196753, 0.000393459, -0.00176707, -0.00158579, -0.00116079, 0.000717229, 0.000847328, -0.000888572, 0.00347676, -0.00014233, 0.00240979, -0.00152989, -0.000135633, 0.00110524, -0.00435933, -0.00037277, 0.000758068, -0.000179551, 0.000180864, 0.00111655, -0.000609196, 0.000240774, 0.00156302, 0.000692675, 6.20766e-05, 0.00110223, -0.00163555, -0.00133503, -0.000154465, 0.0025205, -0.000595623, 0.00119263, -0.00119718, 0.000725285, -0.00126893, -0.000874231, 0.000427658, -0.00246485, -0.00116741, 0.00218388, -0.000654265, 0.00056283, -4.22908e-05, 0.000860022, 0.00110557, 0.00120337, -0.00118492, 0.000397022, 2.37481e-05, -0.00100606, 0.00105226, -0.00166697, -0.000853601, 0.000847726, -0.000330224, -3.26469e-07, 0.00012363, 0.000664977, -0.000412823, -0.000877772, 0.000590715, 0.000794643, 0.00010107, -0.000725626, -0.000180106, -0.00260072, 0.00139705, 0.000741348, -0.0017273, 0.000793052, 0.000763453, -7.36206e-05, 2.01835e-05, -0.00138207, -0.000986995, -0.000247279, 0.00029567, -0.0001151, -4.65924e-05, -0.000210569, -0.00111106, 0.000397601, 0.000312594, 0.00171933, 0.000909323, 0.00251005, 0.00117413, -0.000460062, 0.000647975, 0.00128968, 0.000665502, 0.000528867, -0.00154116, -0.00143477, -0.000427166, 0.000278364, 0.000926468, -0.000179123, -0.00126424, 0.00106023, 0.000240655, -0.000830363, -6.61961e-05, 0.000538935, -0.000536533, -0.00134004, -0.0011794, 0.000554313, 0.00157594, -0.00103716, 0.000930708, -4.26183e-05, 0.0014011, 0.000929421, -0.00067311, 0.00208909, -0.00160234, 0.00086848, -0.000384818, 0.00186111, -0.000270347, 0.000315293, 0.000697346, 0.000846955, -0.00113654, 0.000243691, -0.00117398, -0.00127928, 0.00220938, 0.00144327, 0.00111001, -0.00113668, 0.000629651, -0.00152117, -0.000632389, -0.00130265, 0.00036946, 0.000718431, -0.000208156, -0.000581198, 6.10049e-05, 0.00181317, 0.00115748, -0.000277656, 0.00136016, 0.000156406, -0.000223756, 9.97764e-05, -0.000813181, -8.89222e-05, 0.000965659, -0.00146178, 0.00156623, -0.00100541, 0.000476331, -0.00163815, -0.000255457, -0.000711219, 6.70018e-05, 0.00109192, -0.000636147, 0.000231542}
CLUSTER-2 {size: 1253, centroid: 0.140714, 0.0930255, -0.0122191, -0.0257626, -0.0230742, 0.0153153, -0.00403135, -0.00226369, -0.00996839, -0.00037009, -0.0111715, 0.0089561, -0.011108, 0.00735319, -0.00162992, 9.53741e-05, -0.00745242, 0.00882935, -0.00793256, 0.00255987, 0.00105577, 0.000361155, -0.000600208, 0.0011848, 0.00475475, -0.000161911, -0.00195274, -0.002535, -0.000918807, -0.0040906, 0.000897091, 0.00061837, -0.00280599, -0.00372876, -0.00105063, -0.00110666, -0.00119987, -0.000890796, 0.00273754, -0.00237309, -0.00199924, -0.000917714, -0.00242704, 0.0018907, 0.00176136, 0.000527887, -0.00150599, 0.000397056, -0.00381875, -0.00144363, 0.00230379, -0.00363097, 0.00381361, -0.000147234, 0.00799608, 0.00270964, -0.00295295, 0.00308467, 0.000550262, -0.00099596, 0.00113577, -0.000514941, -0.000775281, -0.0026191, 0.00309876, 0.00111095, 0.00266557, 0.00313173, -0.00367143, 0.00213861, -0.00262451, -0.00411131, 0.000593879, -0.000341096, 0.00147413, 0.00181766, 0.00143185, 0.00277352, 0.00427748, -0.000573282, 0.000478147, -0.00118966, -0.000354393, 0.000336097, -0.000483089, -0.00148934, 0.000553033, -0.00159067, 0.00196361, 0.00122964, 0.00238643, -0.000133968, 0.00108709, 0.00419645, 0.000532539, -0.00260903, -1.10467e-05, 0.000328104, -0.000235395, 0.000104606, 0.00165303, -0.00194576, 0.0016267, 0.000464079, 0.000866399, 0.00543925, 0.00115981, 0.000642962, 0.0018096, 0.0023425, 0.00394136, -0.00111188, 0.0002982, 0.00121164, -0.000200134, 0.00123637, 0.00095464, -0.000429508, 0.000259518, 0.000622611, -0.00155065, 0.000270353, 0.00311349, 0.000622384, -0.00409424, -0.00135624, -0.000330076, -0.00429686, -0.00398321, -0.00106502, 4.22491e-05, 0.000253974, 0.00136345, 0.000964686, 0.00204406, 0.00076308, 0.000490858, -0.00259936, -0.00239829, -0.000589255, -0.000397974, 0.00292644, -0.00171289, -0.00191555, -0.000896779, -0.00185322, 0.00149058, 0.00102581, -0.00371724, 4.70491e-05, 0.00200446, 0.000808822, -0.00341733, -0.00124607, -0.000549025, -0.00206503, 0.00243777, 0.0046154, -0.00162213, -0.00119858, 0.00153006, -0.00199338, 0.000169239, 0.00040732, -0.000341113, -0.000149671, 0.000347365, -0.000670807, 0.00140962, 0.000632087, 0.00117092, -0.00137396, -0.00125366, -0.00106656, -0.00051381, -0.000394407, 0.00331153, 0.0010955, 0.00026729, 0.00190314, 0.000150827, 0.00058587, -0.00089392, -0.000106524, -0.000971511, -0.00119612, 0.000111317, -0.000136027, 0.000238857, -0.00188275, -0.000365824, -0.000770239, -0.00181122, -0.000533171, -0.00135829, -0.0014663, 0.00089076, -0.000799539, 0.00148454, 0.00145222, 0.00158728, 0.00107312, -0.00105774}
Silhouette: 0.00853413, 0.0152769, 0.0119055

Algorithm: K-Means Initialization with Lloyd's Assignment with PAM improved
Metric: Manhattan
clustering time: 15
CLUSTER-1 {size: 32, centroid: 3894}
CLUSTER-2 {size: 4120, centroid: 158}
Silhouette: 0.12957, 0.0165269, 0.0730486

Algorithm: K-Means Initialization with LSH Assignment with K means
Metric: Manhattan
clustering time: 10
CLUSTER-1 {size: 2887, centroid: -0.0406573, -0.0597903, 0.0022511, -5.8319e-05, 0.00830231, -0.00696011, 0.00409631, -0.00467768, -0.00129919, 0.000519593, 0.00155772, -0.00312857, 0.0016775, -0.0040674, 9.15744e-05, 0.00411427, 0.0017979, -0.00099096, 0.00309129, -0.0032017, 0.00326399, -0.000809209, 0.00326638, -0.00275066, 0.000998867, 0.00208148, -0.000489333, 0.00187609, -0.00347219, 0.0031819, -0.00169608, -0.000613024, -0.000799565, 0.00187911, 0.00285836, 0.00063113, -0.000680679, -0.000374453, -0.00400315, 0.00153307, 0.00132997, -0.00198052, 0.000390007, -0.00206095, -0.00159944, -0.00113366, 0.000415696, 0.000891393, -0.000817731, 0.00375571, -4.34607e-05, 0.00256064, -0.0014025, -6.01601e-05, 0.001228, -0.00433782, -0.000479275, 0.000669536, -0.000270542, 0.000344093, 0.00132756, -0.000545889, 0.000282878, 0.00160732, 0.00064681, 3.23779e-05, 0.00112596, -0.00154142, -0.00135058, -0.00020053, 0.00232326, -0.000610127, 0.0012145, -0.00113604, 0.00071244, -0.00130221, -0.000844612, 0.000539234, -0.0024616, -0.00111518, 0.00213808, -0.000685676, 0.000460845, 1.29413e-05, 0.000801527, 0.00104041, 0.00104022, -0.0012634, 0.000578175, -3.5651e-05, -0.0011943, 0.00107433, -0.00145555, -0.00105322, 0.000921905, -0.000120705, 4.15623e-05, 1.90704e-05, 0.000497284, -0.000431384, -0.00109011, 0.000678754, 0.000677516, -0.000149343, -0.000566837, -0.000246142, -0.00253151, 0.00143362, 0.000578694, -0.00199103, 0.000604188, 0.000826348, -0.000216394, 0.000174074, -0.00144227, -0.00106852, -0.000220898, 0.000128512, 0.000124298, -8.36451e-05, -1.34378e-06, -0.00142792, 0.000201708, 0.000316296, 0.00148942, 0.000725471, 0.00261801, 0.00121884, -0.000426368, 0.000675927, 0.00134774, 0.000524014, 0.000552734, -0.00165671, -0.00136282, -6.36715e-05, 0.000392254, 0.000829362, -0.000138532, -0.00152221, 0.00100825, 0.000274045, -0.000699965, -0.000122074, 0.000477785, -0.000651549, -0.00138793, -0.00111441, 0.000518137, 0.00171414, -0.000973313, 0.000932897, -4.25467e-05, 0.00130961, 0.000873478, -0.00036515, 0.00216089, -0.00177083, 0.000908294, -0.000368781, 0.00202676, -0.000287329, 0.000202386, 0.000724022, 0.000737056, -0.00119784, 0.000177977, -0.00118999, -0.00127892, 0.00229523, 0.00144923, 0.00109582, -0.00111652, 0.000662406, -0.00161673, -0.00066187, -0.00113508, 0.0004157, 0.000635772, -0.000179896, -0.000545886, 8.61309e-05, 0.00188672, 0.00120532, -0.000262906, 0.00134804, 7.43915e-05, -0.000230565, 0.000205082, -0.000796109, -6.15579e-05, 0.000962311, -0.0015098, 0.00141653, -0.000983539, 0.000568901, -0.00177496, -0.000229992, -0.000657987, 0.000139872, 0.00106851, -0.000531664, 0.000307354}
CLUSTER-2 {size: 1265, centroid: 0.139345, 0.0914444, -0.0110425, -0.0249215, -0.0206987, 0.014574, -0.00435152, -0.00249649, -0.0086012, -0.000954248, -0.0109673, 0.00927661, -0.0111266, 0.00667325, -0.00156356, -4.24174e-05, -0.00798626, 0.00866092, -0.00768914, 0.00253062, 0.000428741, 0.000464549, -0.000603313, 0.000600193, 0.00427718, 0.00016098, -0.0017549, -0.00243349, -0.00119099, -0.00435622, 0.000247131, 0.000787706, -0.00317498, -0.00299586, -0.00102161, -0.00135018, -0.00108376, -0.000522984, 0.00254663, -0.00250405, -0.00210828, -0.000910696, -0.0023598, 0.00247294, 0.00172138, 0.000431411, -0.000782534, 0.000307682, -0.00391589, -0.00196573, 0.00203036, -0.00384202, 0.00341508, -0.000316332, 0.00757528, 0.00251225, -0.00265955, 0.00323424, 0.000739028, -0.00133738, 0.000661905, -0.000658973, -0.000848321, -0.00263027, 0.00315091, 0.00115546, 0.00257935, 0.00281995, -0.00358725, 0.0021936, -0.00207344, -0.00400461, 0.000557435, -0.000496331, 0.00148716, 0.00182722, 0.00131675, 0.00247369, 0.00412796, -0.000703, 0.000616892, -0.00110789, -0.000106217, 0.000204188, -0.000323509, -0.0012884, 0.000932821, -0.00140603, 0.0015241, 0.00133748, 0.00273721, -0.000158462, 0.000554633, 0.00453783, 0.000372748, -0.00303107, -0.000104809, 0.000558396, 0.000159859, 0.000135338, 0.00207608, -0.0020898, 0.00187196, 0.00101829, 0.000476534, 0.00546888, 0.000925194, 0.000576798, 0.00215203, 0.0028484, 0.00429872, -0.00121344, 0.000610705, 0.000841211, -8.9982e-05, 0.00137238, 0.000870095, -3.91521e-05, -0.000285536, 0.000691632, -0.00199183, 0.000952155, 0.00349574, 0.000607545, -0.00345576, -0.000895932, -0.000512394, -0.00428176, -0.00398449, -0.0010916, -6.16996e-05, 0.000580117, 0.00129229, 0.0011711, 0.00180924, -7.76175e-05, 0.000230835, -0.00230711, -0.00244256, -2.46726e-05, -0.00025059, 0.00279487, -0.00198686, -0.00175116, -0.00072929, -0.00156737, 0.00153832, 0.000833468, -0.00354596, -0.000230768, 0.00179704, 0.000806481, -0.0033463, -0.000984962, -0.000392315, -0.00272666, 0.00226932, 0.00486229, -0.00165893, -0.0012174, 0.00116535, -0.00191893, 0.000425654, 0.000353584, -6.94655e-05, -3.29612e-05, 0.000492624, -0.000645509, 0.00135209, 0.000472735, 0.00116329, -0.00128972, -0.00129642, -0.00110427, -0.000320651, -0.000333279, 0.00283821, 0.000976432, 0.000462272, 0.0017952, 5.61566e-05, 0.000518422, -0.00100184, -0.000187211, -0.00098997, -0.00111502, 0.000296287, -0.000122601, -3.55545e-07, -0.0018985, -0.000421382, -0.000726111, -0.0016961, -0.000153012, -0.00139992, -0.00163302, 0.00114438, -0.000845199, 0.00131878, 0.0012595, 0.00162937, 0.000802629, -0.00120065}
Silhouette: 0.00833579, 0.0149267, 0.0116312

Algorithm: K-Means Initialization with LSH Assignment with PAM improved
Metric: Manhattan
clustering time: 21
CLUSTER-1 {size: 4120, centroid: 158}
CLUSTER-2 {size: 32, centroid: 3894}
Silhouette: 0.0165269, 0.12957, 0.0730486

